import numpy as np 

Y_bus = np.array([[ 40.997646-163.99059j, -20.498823 +81.99529j, 0, 0, 0, -20.498823 +81.99529j],
                  [-20.498823 +81.99529j,  40.997646-163.99059j, -20.498823 +81.99529j, 0, 0, 0],
                  [0, -20.498823 +81.99529j, 37.92282 -116.84329j, -17.424 +34.848j, 0, 0],
                  [0, 0, -17.424    +34.848j  ,  24.3936   -44.1408j ,-6.9696    +9.2928j ,   0],
                  [0, 0, 0,  -6.9696    +9.2928j , 27.468424 -91.28809j, -20.498823 +81.99529j],
                  [-20.498823 +81.99529j,0, 0, 0, -20.498823 +81.99529j,  40.997646-163.99059j]])

Y_lines = np.array([[0, 20.498823-81.99529j, 0, 0, 0, 20.498823-81.99529j],
                    [20.498823-81.99529j, 0, 20.498823-81.99529j, 0, 0, 0],
                    [0, 20.498823-81.99529j, 0, 17.424   -34.848j  , 0, 0],
                    [0, 0, 17.424   -34.848j  , 0,  6.9696   -9.2928j , 0],
                    [0, 0, 0, 6.9696   -9.2928j , 0, 20.498823-81.99529j],
                    [20.498823-81.99529j, 0, 0, 0, 20.498823-81.99529j, 0]])